shape_id,shape_pt_lat,shape_pt_lon,shape_pt_sequence,shape_dist_traveled
12448,34.168905,-118.375298,0,0
12448,34.16891,-118.375726,1,39.538841381091665
12448,34.168911,-118.375854,2,51.36289253780353
12448,34.168911,-118.375941,3,59.39919646002708
12448,34.168907,-118.37602099999998,4,66.80225846653666
12448,34.168878,-118.37606700000003,5,72.13525703973666
12448,34.168831,-118.376084,6,77.58930195337267
12448,34.16879,-118.376075,7,82.22084113140433
12448,34.168742,-118.37605100000002,8,87.99740293082421
12448,34.168711,-118.37599999999998,9,93.83359877365675
12448,34.168705,-118.375879,10,105.03042480675876
12448,34.168715,-118.374659,11,217.72923857552115
12448,34.16868615005909,-118.37431491534426,12,249.67420489783487
12448,34.168138,-118.37426399999998,13,310.77133939174917
12448,34.16812098430306,-118.37346409325409,14,384.6847950181157
12448,34.168165,-118.370519,15,656.7743919217953
12448,34.16817163088577,-118.37033909325407,16,673.4091774693579
12448,34.1683893846998,-118.370282682209,17,698.1628959656833
12448,34.168655,-118.37025599999998,18,727.7835255877881
12448,34.169064,-118.370245,19,773.2471789621186
12448,34.170161,-118.370227,20,895.1684801843018
12448,34.17210908333298,-118.37018116071316,21,1111.7010533929924
12448,34.17213805556431,-118.36159199999996,22,1905.0771157147615
12448,34.172124740748195,-118.35790199999995,23,2245.9227974259065
12448,34.1722172469318,-118.35752385152055,24,2282.333573824161
12448,34.172425,-118.35677599999995,25,2355.1682634621566
12448,34.17314083693051,-118.35480104662702,26,2554.1837667879718
12448,34.173486,-118.35362199999996,27,2669.6482959385194
12448,34.17430583751258,-118.35129827116396,28,2902.8233729463605
12448,34.174804,-118.34963700000004,29,3065.9522712865923
12448,34.17490483781186,-118.34944194477464,30,3087.169815642922
12448,34.17534437138583,-118.34818108465578,31,3213.4604909219834
12448,34.17571896205678,-118.34702817790986,32,3327.798314088206
12448,34.176587,-118.344376,33,3591.0794636794085
12448,34.177370825990096,-118.34209801586915,34,3818.8053809291437
12448,34.177768,-118.34081600000002,35,3945.1778152947704
12448,34.17822727843138,-118.33955267130278,36,4072.5396110277766
12448,34.178768,-118.338048,37,4223.952624776483
12448,34.179058,-118.338093,38,4256.448366300405
12448,34.17938745051079,-118.3382592711639,39,4296.151887521666
12448,34.1796851893767,-118.3383746736107,40,4330.91518141763
12448,34.1806344974089,-118.3383827668648,41,4436.418129513834
12448,34.18392918120073,-118.33832162698366,42,4802.612810081091
12448,34.184355,-118.338257,43,4850.310673828123
12448,34.185050346680896,-118.3382891312828,44,4927.644264480053
12448,34.18609690985568,-118.33827072023774,45,5043.965415794366
12448,34.18755915294514,-118.33824930919263,46,5206.48235431697
12448,34.188061,-118.33819699999998,47,5262.463464268743
12448,34.18873952497847,-118.33820321593862,48,5337.872854447742
12448,34.190108250696085,-118.33820103802871,49,5489.984988421446
12448,34.19079831187146,-118.33812330919268,50,5567.009501897937
12448,34.191841032443634,-118.33799944907378,51,5683.454447802247
12448,34.191933867293265,-118.33816593797025,52,5701.970356515292
12448,34.191969,-118.33848,53,5731.235443749428
12448,34.1919361536981,-118.3389414196434,54,5774.00335067449
12448,34.191941716463226,-118.33980489451216,55,5853.747117594005
12448,34.19198733982441,-118.34128227116396,56,5990.275922035969
12448,34.192016,-118.34218099999998,57,6073.3338158555325
12448,34.19201424673073,-118.34339339384844,58,6185.297334048837
12448,34.192052,-118.34436700000003,59,6275.306605050225
12448,34.19207205619349,-118.34454962698362,60,6292.318633772098
12448,34.193192715903734,-118.34453067361068,61,6416.873632622612
12448,34.19517811885847,-118.3444954490738,62,6637.542190972891
12448,34.19563256296435,-118.34450886011888,63,6688.061299236581
12448,34.195688,-118.34482300000002,64,6717.717497613871
12448,34.195692966649034,-118.34762366368484,65,6976.344413773142
12448,34.19569496664857,-118.34865022453688,66,7071.14190339857
12448,34.19569,-118.34897,67,7100.676541812958
12448,34.19509646306401,-118.34901289527858,68,7166.7568723154845
12448,34.193594,-118.349067,69,7333.804704673279
12448,34.193613092855834,-118.34951327116391,70,7375.0709459959535
12448,34.19365,-118.349868,71,7408.084727523545
12448,34.193655,-118.350622,72,7477.716226007523
12448,34.193613,-118.35126000000002,73,7536.817883098662
12448,34.19357,-118.35168899999996,74,7576.721695889474
12448,34.193355,-118.351697,75,7600.626626506912
12448,34.193262,-118.35164600000002,76,7611.984454219339
12448,34.193264,-118.351445,77,7630.547499069024
12448,34.193422,-118.35141,78,7648.401453603334
12448,34.19349,-118.35130200000005,79,7660.914567047289
12448,34.193571,-118.35128600000002,80,7670.03676846504
12448,34.193589,-118.3508,81,7714.961742344342
12448,34.193601,-118.350007,82,7788.204718757246
12448,34.193552,-118.349608,83,7825.4512535365075
12448,34.193492,-118.34904699999998,84,7877.685133403516
12448,34.193434,-118.34896400000002,85,7887.699929284676
12448,34.192813,-118.34896200000004,86,7956.713710975583
12448,34.192052,-118.348978,87,8041.298751768627
12448,34.191123,-118.34900500000003,88,8144.571306199529
12448,34.190579,-118.34905300000004,89,8205.189881011831
12448,34.19031537316714,-118.3490934576721,90,8234.724764526252
12448,34.189931,-118.34914400000002,91,8277.695507995504
12448,34.189601020826615,-118.3491250552254,92,8314.40874427553
12448,34.18884563174235,-118.34912723185306,93,8398.357519851466
12448,34.188549,-118.34918700000004,94,8431.781958059677
12448,34.18771927954121,-118.34913659755324,95,8524.108550075209
12448,34.18639696969732,-118.34916055092624,96,8671.077211569203
12448,34.185591610339976,-118.34918700984986,97,8760.61240121862
12448,34.185012,-118.349244,98,8825.240793985307
12448,34.18389415525813,-118.34919250429914,99,8949.560985127493
12448,34.182722781142566,-118.34921418650816,100,9079.754425938578
12448,34.18164924252156,-118.34925408518724,101,9199.116614746383
12448,34.18127,-118.34932000000003,102,9241.700289261378
12448,34.180763154187595,-118.34928364418032,103,9298.127441131213
12448,34.17921409474957,-118.34930486871718,104,9470.289776455062
12448,34.17726385510653,-118.3493372331352,105,9687.045760996296
12448,34.17587459980221,-118.34936459755323,106,9841.45809002696
12448,34.175275,-118.349442,107,9908.475639010927
12448,34.175029628721894,-118.3494160552254,108,9935.849495776443
12448,34.174425572297054,-118.35122776686478,109,10116.155051272606
12448,34.173547,-118.35397899999998,110,10388.39187087252
12448,34.1729766969783,-118.35554886011886,111,10546.6432373039
12448,34.17259682073727,-118.3566808601189,112,10659.405530103635
12448,34.172347,-118.357569,113,10746.012699881923
12448,34.17224845055366,-118.3579261398811,114,10780.771904454425
12448,34.17215068518801,-118.37035350429916,115,11928.723613981927
12448,34.171649,-118.37036899999998,116,11984.494427610427
12448,34.170074,-118.37037099999998,117,12159.524783801327
12448,34.169371,-118.370382,118,12237.655997841013
12448,34.168862,-118.370387,119,12294.22320613163
12448,34.168574192298394,-118.37040309325408,120,12326.241888506538
12448,34.16823841162565,-118.37048659755328,121,12364.346181155044
12448,34.168209015682606,-118.3741932625656,122,12706.755234124339
12448,34.168909,-118.374274,123,12784.90109182887
12448,34.168906,-118.37527999999998,124,12877.827331937187
12448,34.168905,-118.375298,125,12878.703556178636
13945,34.177995,-118.311952,0,0
13945,34.177992,-118.31203399999998,1,7.5814391190825905
13945,34.177936,-118.312117,2,17.45608962568407
13945,34.177812,-118.31217600000002,3,32.2754538881712
13945,34.17751,-118.312436,4,73.54578482960135
13945,34.177357,-118.312701,5,103.3497762797264
13945,34.176678,-118.31342,6,203.87399702828645
13945,34.176234,-118.31376699999998,7,262.71461420469296
13945,34.175802,-118.314231,8,327.07274988695565
13945,34.174375,-118.31568400000003,9,534.8336918903997
13945,34.173933,-118.316215,10,604.2512420963326
13945,34.173369,-118.316737,11,683.3325390629788
13945,34.172982,-118.317141,12,740.2753734586996
13945,34.172371,-118.317765,13,829.3449521214965
13945,34.171954,-118.31822899999996,14,892.4703063783367
13945,34.170773,-118.319498,15,1068.4476559845596
13945,34.170329,-118.319999,16,1136.0987210307655
13945,34.169495,-118.320826,17,1256.211188753767
13945,34.1689,-118.321456,18,1344.299100143509
13945,34.168434,-118.32194700000002,19,1413.1421215764615
13945,34.168035,-118.322408,20,1474.6226342040836
13945,34.167846,-118.322663,21,1506.1834798922805
13945,34.167308,-118.32313799999996,22,1580.347774358236
13945,34.166652,-118.32383700000004,23,1677.7371644797151
13945,34.166128,-118.324391,24,1755.264390920814
13945,34.165074,-118.32549799999998,25,1910.7600698816223
13945,34.164484,-118.326189,26,2002.2710951847073
13945,34.163181,-118.32748800000002,27,2190.3412659952237
13945,34.161985,-118.328738,28,2366.4156650519717
13945,34.161093,-118.329594,29,2493.2260726910804
13945,34.160739,-118.329489,30,2533.745976633513
13945,34.160158,-118.329143,31,2605.7942549762174
13945,34.159095,-118.32858499999998,32,2734.688328171367
13945,34.158498,-118.328379,33,2803.7113985967894
13945,34.158272,-118.328263,34,2831.018686962147
13945,34.157758,-118.329703,35,2975.80180845687
13945,34.156814,-118.332632,36,3266.031277192913
13945,34.156567,-118.33331399999996,37,3334.760039354938
13945,34.155941,-118.335033,38,3508.1459280956437
13945,34.155355,-118.33577300000002,39,3602.567370076518
13945,34.154501,-118.336695,40,3730.097179479509
13945,34.153665,-118.33754,41,3851.451396861175
13945,34.153236,-118.33797900000002,42,3914.0464522917005
13945,34.152682,-118.33860800000002,43,3998.7100937331234
13945,34.152299,-118.339078,44,4059.5163013116
13945,34.152185,-118.33925399999998,45,4080.1302224763
13945,34.152397,-118.33939099999998,46,4106.875456967455
13945,34.152557,-118.339586,47,4132.188941168202
13945,34.152817,-118.339703,48,4163.039502202773
13945,34.152943,-118.33982500000002,49,4181.0154021174285
13945,34.152939,-118.340037,50,4200.607552921862
13945,34.152786,-118.34056399999996,51,4252.181695094851
13945,34.152467,-118.341459,52,4342.151821180972
13945,34.1521,-118.342557,53,4451.490672131371
13945,34.151952,-118.34306400000004,54,4501.1374769333715
13945,34.151983,-118.343822,55,4571.25587661238
13945,34.152139,-118.344338,56,4621.984846257206
13945,34.152196,-118.344812,57,4666.234623558861
13945,34.15221,-118.34502199999996,58,4685.699303186396
13945,34.152307,-118.34524599999996,59,4709.034364231753
13945,34.152419,-118.34556700000002,60,4741.198234710906
13945,34.15228,-118.34607699999998,61,4790.7857019505955
13945,34.152279,-118.347262,62,4900.270432906971
13945,34.152277,-118.34869700000002,63,5032.85315935098
13945,34.152315,-118.351032,64,5248.629398806783
13945,34.152277,-118.35215399999998,65,5352.378833982954
13945,34.152249,-118.353836,66,5507.812619920128
13945,34.152252,-118.35603000000005,67,5710.519665557502
13945,34.152246,-118.358517,68,5940.297570637497
13945,34.152248,-118.360455,69,6119.351491102033
13945,34.152206,-118.361375,70,6204.479179544472
13945,34.152069,-118.361536,71,6225.764460918407
13945,34.150521,-118.361562,72,6397.81207665745
13945,34.148776,-118.361583,73,6591.745402592763
13945,34.146796,-118.36154599999998,74,6811.811322723354
13945,34.143582,-118.36154599999998,75,7168.986237104797
13945,34.143317,-118.361717,76,7202.406884714018
13945,34.143063,-118.36163599999998,77,7231.609539241666
13945,34.142289,-118.36121300000002,78,7326.088832138905
13945,34.142038,-118.361135,79,7354.898795347214
13945,34.141745,-118.36109699999996,80,7387.648943206969
13945,34.141343,-118.361105,81,7432.329707194532
13945,34.14103,-118.361194,82,7468.072648559974
13945,34.140269,-118.36161800000002,83,7561.277762441602
13945,34.139272,-118.36223,84,7685.67290678544
13945,34.139179,-118.36238000000004,85,7702.962673464587
13945,34.139289,-118.362681,86,7733.34438579264
13945,34.139376,-118.36289999999995,87,7755.772044992866
13945,34.139457,-118.363157,88,7781.1688324929355
13945,34.139567,-118.36343399999998,89,7809.534205667193
13945,34.139495,-118.363633,90,7829.588126028738
13945,34.139331,-118.36375399999996,91,7850.969899092722
13945,34.139172,-118.363836,92,7870.195787553016
13945,34.138967,-118.36361899999996,93,7900.545221522226
13945,34.138588,-118.363289,94,7952.543690891435
13945,34.138421,-118.36296400000003,95,7987.847268353209
13945,34.138443,-118.36285199999998,96,7998.481578812009
13945,34.138588,-118.362798,97,8015.350450496331
13945,34.138726,-118.36295,98,8036.146468895937
13945,34.138901,-118.363135,99,8062.039688077463
13945,34.139307,-118.363562,100,8121.977829445598
13945,34.139417,-118.363583,101,8134.355262886647
13945,34.139467,-118.363451,102,8147.758694882372
13945,34.139442,-118.363265,103,8165.169061906845
13945,34.139381,-118.36305199999998,104,8185.985970845664
13945,34.139228,-118.36266,105,8226.000801427395
13945,34.13913,-118.362418,106,8250.87387336298
13945,34.139072,-118.362257,107,8267.087369461522
13945,34.139089,-118.36210699999998,108,8281.076303129286
13945,34.139209,-118.361962,109,8299.980460286044
13945,34.139926,-118.36155100000002,110,8388.249301840358
13945,34.140431,-118.361292,111,8449.260372743174
13945,34.140825,-118.361068,112,8497.691787041776
13945,34.141141,-118.360926,113,8535.180427461724
13945,34.141627,-118.360879,114,8589.364413387952
13945,34.142055,-118.360906,115,8636.993864360129
13945,34.142565,-118.36113899999998,116,8697.622107158017
13945,34.143071,-118.361407,117,8759.065572582802
13945,34.143509,-118.36143900000002,118,8807.830654405381
13945,34.146721,-118.361422,119,9164.786800158534
13945,34.148852,-118.36141399999995,120,9401.608132173804
13945,34.151732,-118.361427,121,9721.667776503205
13945,34.152083,-118.36141399999995,122,9760.693265134487
13945,34.152138,-118.36133,123,9770.57201930327
13945,34.152142,-118.36026300000005,124,9869.154231266783
13945,34.152137,-118.35712,125,10159.54030966465
13945,34.152137,-118.354913,126,10363.448228496036
13945,34.152148,-118.352751,127,10563.202684725757
13945,34.15213,-118.350305,128,10789.201994456233
13945,34.152166,-118.34868,129,10939.39232245989
13945,34.15217,-118.34759300000002,130,11039.823540933585
13945,34.152154,-118.34646800000002,131,11143.78000370595
13945,34.15216,-118.34594099999998,132,11192.475314657775
13945,34.152285,-118.34551599999998,133,11234.126863878166
13945,34.152192,-118.34527300000002,134,11258.842881425207
13945,34.152052,-118.344761,135,11308.640741228672
13945,34.151906,-118.344155,136,11366.934294119445
13945,34.151832,-118.34359999999998,137,11418.867587788238
13945,34.151879,-118.342943,138,11479.794032255846
13945,34.152147,-118.34204999999996,139,11567.511955551248
13945,34.152602,-118.340692,140,11702.787072520603
13945,34.152851,-118.33993700000002,141,11777.831509223694
13945,34.152795,-118.339784,142,11793.27683384214
13945,34.152531,-118.339628,143,11825.965217958179
13945,34.1521,-118.339379,144,11879.102152580004
13945,34.152026,-118.339037,145,11911.75322107688
13945,34.15257,-118.338503,146,11989.786673662682
13945,34.153263,-118.33776,147,12092.95578761716
13945,34.154615,-118.336313,148,12294.074981315916
13945,34.155892,-118.33500700000002,149,12480.353885813398
13945,34.156677,-118.332493,150,12728.46320836521
13945,34.156891,-118.33198900000002,151,12780.749024670857
13945,34.158241,-118.32810999999998,152,13169.25939032278
13945,34.158513,-118.328155,153,13199.772592078752
13945,34.159599,-118.328708,154,13330.832831396196
13945,34.160997,-118.329355,155,13497.300536866587
13945,34.161161,-118.32944299999996,156,13517.257581682137
13945,34.16315,-118.327384,157,13808.880843023913
13945,34.164066,-118.326335,158,13949.43106162042
13945,34.164618,-118.325805,159,14027.920922200941
13945,34.165316,-118.325061,160,14131.561612414824
13945,34.166587,-118.32373,161,14318.833416537276
13945,34.167513,-118.322711,162,14458.303205628617
13945,34.168083,-118.322182,163,14538.308918828852
13945,34.168421,-118.321823,164,14588.41724473234
13945,34.169497,-118.32068099999998,165,14747.881147125894
13945,34.170345,-118.31975,166,14875.466384249106
13945,34.170585,-118.31946,167,14913.269287996076
13945,34.171481,-118.318597,168,15040.82643431746
13945,34.172577,-118.31739800000004,169,15205.457006290088
13945,34.172981,-118.31697400000002,170,15265.03792227398
13945,34.173318,-118.31660599999998,171,15315.616924569815
13945,34.17383,-118.316014,172,15394.535522173597
13945,34.174319,-118.315611,173,15460.408046423696
13945,34.175313,-118.314437,174,15615.209067308986
13945,34.175695,-118.31411400000002,175,15667.09840947264
13945,34.176381,-118.313379,176,15769.185201631675
13945,34.177533,-118.31213300000002,177,15941.340410141918
13945,34.177662,-118.31201199999998,178,15959.518769612063
13945,34.177849,-118.311824,179,15986.601253560588
13945,34.177897,-118.311827,180,15991.94301006085
13945,34.177957,-118.31186100000002,181,15999.313736658978
13945,34.177997,-118.311913,182,16005.85834490973
13945,34.177995,-118.311952,183,16006.826144301296
