shape_id,shape_pt_sequence,shape_pt_lat,shape_pt_lon,shape_dist_traveled
10002005,205172,47.612137,-122.281769,0.0
10002005,205173,47.612144,-122.281784,5.8
10002005,205174,47.612148,-122.281830,13.5
10002005,205175,47.612141,-122.281853,22.0
10002005,205176,47.612102,-122.281921,45.0
10002005,205177,47.612129,-122.281990,64.2
10002005,205178,47.612160,-122.282021,75.4
10002005,205179,47.612202,-122.282043,92.2
10002005,205180,47.613022,-122.282387,403.6
10002005,205181,47.613228,-122.282471,482.0
10002005,205182,47.613270,-122.282494,498.6
10002005,205183,47.613304,-122.282509,513.1
10002005,205184,47.613346,-122.282539,528.8
10002005,205185,47.613384,-122.282547,544.5
10002005,205186,47.613422,-122.282578,560.2
10002005,205187,47.613541,-122.282661,607.1
10002005,205188,47.613621,-122.282715,636.8
10002005,205189,47.613766,-122.282837,698.4
10002005,205190,47.614182,-122.283134,866.1
10002005,205191,47.614368,-122.283287,945.8
10002005,205192,47.614658,-122.283493,1063.2
10002005,205193,47.614983,-122.283737,1195.8
10002005,205194,47.615185,-122.283890,1276.3
10002005,205195,47.615246,-122.283943,1303.0
10002005,205196,47.615490,-122.284119,1403.2
10002005,205197,47.615673,-122.284256,1478.0
10002005,205198,47.615952,-122.284462,1589.7
10002005,205199,47.615994,-122.284492,1608.9
10002005,205200,47.616058,-122.284546,1634.2
10002005,205201,47.616089,-122.284561,1645.9
10002005,205202,47.616116,-122.284569,1656.0
10002005,205203,47.616150,-122.284584,1668.1
10002005,205204,47.616173,-122.284584,1678.6
10002005,205205,47.616200,-122.284584,1688.2
10002005,205206,47.616230,-122.284584,1699.0
10002005,205207,47.616467,-122.284584,1784.3
10002005,205208,47.616692,-122.284584,1865.9
10002005,205209,47.617069,-122.284584,2004.4
10002005,205210,47.617550,-122.284584,2179.6
10002005,205211,47.617588,-122.284584,2193.5
10002005,205212,47.617622,-122.284584,2206.1
10002005,205213,47.617672,-122.284584,2225.1
10002005,205214,47.617722,-122.284599,2242.8
10002005,205215,47.617764,-122.284615,2258.6
10002005,205216,47.617802,-122.284637,2272.7
10002005,205217,47.617844,-122.284653,2288.8
10002005,205218,47.617886,-122.284683,2307.0
10002005,205219,47.617928,-122.284706,2324.4
10002005,205220,47.617973,-122.284752,2342.1
10002005,205221,47.618012,-122.284790,2358.3
10002005,205222,47.618046,-122.284821,2374.4
10002005,205223,47.618088,-122.284874,2394.7
10002005,205224,47.618122,-122.284927,2411.2
10002005,205225,47.618156,-122.284981,2430.6
10002005,205226,47.618191,-122.285034,2450.2
10002005,205227,47.618221,-122.285103,2468.1
10002005,205228,47.618244,-122.285156,2486.5
10002005,205229,47.618275,-122.285240,2507.9
10002005,205230,47.618286,-122.285294,2521.5
10002005,205231,47.618301,-122.285324,2530.5
10002005,205232,47.618313,-122.285408,2551.8
10002005,205233,47.618339,-122.285568,2591.2
10002005,205234,47.618359,-122.285706,2628.1
10002005,205235,47.618359,-122.286469,2815.5
10002005,205236,47.618359,-122.287575,3087.0
10002005,205237,47.618366,-122.288055,3207.4
10002005,205238,47.618366,-122.288177,3237.8
10002005,205239,47.618355,-122.288277,3259.5
10002005,205240,47.618347,-122.288345,3275.8
10002005,205241,47.618339,-122.288414,3294.0
10002005,205242,47.618328,-122.288475,3311.6
10002005,205243,47.618309,-122.288544,3329.9
10002005,205244,47.618294,-122.288589,3343.0
10002005,205245,47.618282,-122.288612,3349.2
10002005,205246,47.618267,-122.288673,3364.3
10002005,205247,47.618244,-122.288727,3379.9
10002005,205248,47.618214,-122.288780,3396.2
10002005,205249,47.618183,-122.288834,3415.8
10002005,205250,47.618149,-122.288887,3434.5
10002005,205251,47.618111,-122.288940,3452.0
10002005,205252,47.618080,-122.288986,3467.1
10002005,205253,47.618042,-122.289009,3483.8
10002005,205254,47.618000,-122.289055,3500.6
10002005,205255,47.617966,-122.289078,3515.2
10002005,205256,47.617916,-122.289108,3532.7
10002005,205257,47.617878,-122.289131,3550.9
10002005,205258,47.617832,-122.289146,3567.5
10002005,205259,47.617786,-122.289162,3583.3
10002005,205260,47.617744,-122.289162,3600.2
10002005,205261,47.617691,-122.289177,3617.9
10002005,205262,47.617653,-122.289177,3632.7
10002005,205263,47.617397,-122.289177,3726.1
10002005,205264,47.616501,-122.289200,4053.0
10002005,205265,47.616306,-122.289200,4125.5
10002005,205266,47.615208,-122.289246,4523.5
10002005,205267,47.614986,-122.289246,4604.5
10002005,205268,47.614052,-122.289268,4945.4
10002005,205269,47.613720,-122.289284,5067.2
10002005,205270,47.613007,-122.289314,5326.5
10002005,205271,47.612892,-122.289314,5369.3
10002005,205272,47.612900,-122.290367,5629.0
10002005,205273,47.612904,-122.290802,5737.8
10002005,205274,47.612907,-122.291351,5872.5
10002005,205275,47.612919,-122.291412,5888.9
10002005,205276,47.612919,-122.291473,5903.5
10002005,205277,47.612930,-122.291580,5927.6
10002005,205278,47.612934,-122.292580,6176.2
10002005,205279,47.612942,-122.292915,6261.1
10002005,205280,47.612949,-122.293655,6442.8
10002005,205281,47.612949,-122.293861,6492.5
10002005,205282,47.612961,-122.294899,6749.7
10002005,205283,47.612961,-122.295174,6816.7
10002005,205284,47.612961,-122.295296,6847.1
10002005,205285,47.612965,-122.295364,6863.6
10002005,205286,47.612961,-122.295586,6915.9
10002005,205287,47.612949,-122.296196,7069.6
10002005,205288,47.612942,-122.297508,7390.7
10002005,205289,47.612942,-122.297821,7470.6
10002005,205290,47.612930,-122.298683,7682.9
10002005,205291,47.612930,-122.298805,7712.5
10002005,205292,47.612934,-122.300117,8035.6
10002005,205293,47.612942,-122.300461,8119.6
10002005,205294,47.612949,-122.301414,8356.6
10002005,205295,47.612942,-122.302711,8675.6
10002005,205296,47.612942,-122.303001,8745.8
10002005,205297,47.612930,-122.303642,8904.7
10002005,205298,47.612919,-122.304955,9228.9
10002005,205299,47.612907,-122.306168,9527.6
10002005,205300,47.612907,-122.306252,9547.6
10002005,205301,47.612900,-122.307129,9763.8
10002005,205302,47.612900,-122.307510,9859.4
10002005,205303,47.612900,-122.308174,10024.8
10002005,205304,47.612900,-122.308861,10192.6
10002005,205305,47.612904,-122.309349,10313.0
10002005,205306,47.612904,-122.309517,10355.0
10002005,205307,47.612904,-122.310173,10515.0
10002005,205308,47.612904,-122.310829,10675.5
10002005,205309,47.612907,-122.311485,10837.1
10002005,205310,47.612911,-122.312141,10999.9
10002005,205311,47.612911,-122.312782,11159.0
10002005,205312,47.612911,-122.313316,11290.6
10002005,205313,47.612911,-122.313461,11327.6
10002005,205314,47.612907,-122.314163,11498.7
10002005,205315,47.612907,-122.314423,11561.6
10002005,205316,47.612907,-122.314545,11593.0
10002005,205317,47.612907,-122.314819,11660.2
10002005,205318,47.612919,-122.315239,11765.7
10002005,205319,47.612911,-122.315414,11809.2
10002005,205320,47.612965,-122.315445,11829.1
10002005,205321,47.612995,-122.315483,11845.4
10002005,205322,47.613026,-122.315514,11856.8
10002005,205323,47.613060,-122.315514,11869.1
10002005,205324,47.613354,-122.315529,11977.2
10002005,205325,47.613064,-122.316223,12179.8
10002005,205326,47.612930,-122.316551,12276.5
10002005,205327,47.612873,-122.316780,12336.4
10002005,205328,47.612911,-122.317001,12390.0
10002005,205329,47.612930,-122.318123,12668.7
10002005,205330,47.612942,-122.319435,12992.3
10002005,205331,47.612942,-122.319855,13096.4
10002005,205332,47.612946,-122.320267,13198.3
10002005,205333,47.612949,-122.320389,13226.0
10002005,205334,47.612961,-122.320580,13274.4
10002005,205335,47.612961,-122.320610,13280.0
10002005,205336,47.612972,-122.320786,13324.8
10002005,205337,47.612988,-122.320938,13361.7
10002005,205338,47.612988,-122.321533,13512.5
10002005,205339,47.612980,-122.321663,13542.6
10002005,205340,47.612972,-122.321732,13559.0
10002005,205341,47.612961,-122.321785,13572.1
10002005,205342,47.612946,-122.321823,13583.9
10002005,205343,47.612923,-122.321877,13599.5
10002005,205344,47.612900,-122.321922,13611.8
10002005,205345,47.612881,-122.321960,13625.6
10002005,205346,47.612850,-122.321999,13639.4
10002005,205347,47.612804,-122.322044,13658.2
10002005,205348,47.612732,-122.322098,13688.9
10002005,205349,47.612621,-122.322189,13736.7
10002005,205350,47.612572,-122.322235,13757.3
10002005,205351,47.612549,-122.322250,13765.0
10002005,205352,47.612518,-122.322289,13780.9
10002005,205353,47.612488,-122.322342,13797.0
10002005,205354,47.612389,-122.322563,13861.6
10002005,205355,47.612160,-122.323120,14023.2
10002005,205356,47.611927,-122.323669,14183.3
10002005,205357,47.611694,-122.324226,14345.2
10002005,205358,47.611572,-122.324532,14431.2
10002005,205359,47.611462,-122.324791,14508.2
10002005,205360,47.611229,-122.325333,14667.5
10002005,205361,47.611015,-122.325851,14817.7
10002005,205362,47.610939,-122.326019,14866.7
10002005,205363,47.610878,-122.326141,14902.1
10002005,205364,47.610867,-122.326180,14914.4
10002005,205365,47.610756,-122.326439,14989.2
10002005,205366,47.610298,-122.327545,15309.8
10002005,205367,47.610165,-122.327850,15397.6
10002005,205368,47.609829,-122.328651,15633.2
10002005,205369,47.609592,-122.329231,15796.8
10002005,205370,47.609356,-122.329788,15959.7
10002005,205371,47.609219,-122.330116,16056.1
10002005,205372,47.609139,-122.330338,16117.5
10002005,205373,47.609016,-122.330635,16203.3
10002005,205374,47.608677,-122.331429,16434.6
10002005,205375,47.608444,-122.332001,16599.6
10002005,205376,47.608215,-122.332550,16757.6
10002005,205377,47.607975,-122.333107,16921.2
10002005,205378,47.607742,-122.333679,17086.5
10002005,205379,47.607513,-122.334213,17243.2
10002005,205380,47.607368,-122.334557,17343.3
10002005,205381,47.607288,-122.334763,17402.3
10002005,205382,47.607094,-122.335228,17537.4
10002005,205383,47.607052,-122.335320,17565.2
10002005,205384,47.607761,-122.335976,17871.0
10002005,205385,47.608753,-122.336891,18297.0
10002005,205386,47.609608,-122.337669,18663.4
10002005,205387,47.609753,-122.337791,18723.1
10002005,205388,47.610516,-122.338486,19048.8
10002005,205389,47.610745,-122.338707,19149.1
10002005,205390,47.611443,-122.339363,19450.9
10002005,205391,47.611492,-122.339401,19471.9
10002005,205392,47.611534,-122.339447,19490.4
10002005,205393,47.611572,-122.339500,19511.3
10002005,205394,47.611629,-122.339584,19540.3
10002005,205395,47.611694,-122.339691,19575.4
10002005,205396,47.611771,-122.339813,19615.8
10002005,205397,47.611832,-122.339920,19651.0
10002005,205398,47.611919,-122.340088,19703.0
10002005,205399,47.612400,-122.340897,19967.3
10002005,205400,47.612942,-122.341812,20267.3
10002005,205401,47.613167,-122.342194,20393.2
10002005,205402,47.613937,-122.343506,20819.6
10002005,205403,47.614700,-122.344803,21245.4
10002005,205404,47.615070,-122.345398,21445.4
10002005,205405,47.615479,-122.346100,21671.4
10002005,205406,47.616028,-122.347031,21977.6
10002005,205407,47.616581,-122.347969,22284.0
10002005,205408,47.616901,-122.348518,22464.0
10002005,205409,47.617134,-122.348900,22590.1
10002005,205410,47.617687,-122.349838,22896.0
10002005,205411,47.618237,-122.350769,23201.8
10002005,205412,47.618309,-122.350945,23254.6
10002005,205413,47.618527,-122.351318,23373.7
10002005,205414,47.618572,-122.351410,23403.3
10002005,205415,47.618587,-122.351440,23412.2
10002005,205416,47.618587,-122.352585,23694.5
10002005,205417,47.618587,-122.352600,23699.1
10002005,205418,47.618584,-122.352844,23759.1
10002005,205419,47.618572,-122.353294,23870.1
10002005,205420,47.618572,-122.353485,23917.2
10002005,205421,47.618568,-122.354141,24080.5
10002005,205422,47.618572,-122.354813,24242.3
10002005,205423,47.618572,-122.355385,24386.9
10002005,205424,47.618595,-122.355415,24395.0
10002005,205425,47.618633,-122.355438,24411.8
10002005,205426,47.618687,-122.355469,24431.7
10002005,205427,47.618767,-122.355469,24459.1
10002005,205428,47.619099,-122.355453,24582.7
10002005,205429,47.619122,-122.355453,24589.8
10002005,205430,47.619156,-122.355453,24602.5
10002005,205431,47.619228,-122.355438,24629.1
10002005,205432,47.619267,-122.355438,24644.3
10002005,205433,47.619766,-122.355431,24826.3
10002005,205434,47.620937,-122.355431,25252.0
10002005,205435,47.622101,-122.355415,25678.1
10002005,205436,47.623119,-122.355415,26049.0
10002005,205437,47.623272,-122.355415,26104.0
10002005,205438,47.624573,-122.355400,26579.1
10002005,205439,47.624737,-122.355400,26638.6
10002005,205440,47.625446,-122.355400,26899.5
10002005,205441,47.625462,-122.356697,27219.1
10002005,205442,47.625717,-122.356697,27313.3
10002005,205443,47.626324,-122.356697,27532.8
10002005,205444,47.627110,-122.356697,27821.8
10002005,205445,47.627193,-122.356697,27852.3
10002005,205446,47.628067,-122.356682,28172.1
10002005,205447,47.628319,-122.356682,28262.1
10002005,205448,47.628479,-122.356682,28323.1
10002005,205449,47.628563,-122.356682,28351.7
10002005,205450,47.628647,-122.356674,28382.7
10002005,205451,47.628719,-122.356659,28407.9
10002005,205452,47.628799,-122.356644,28437.3
10002005,205453,47.628895,-122.356644,28472.1
10002005,205454,47.629036,-122.356644,28525.2
10002005,205455,47.629570,-122.356628,28721.0
10002005,205456,47.629791,-122.356628,28801.0
10002005,205457,47.629902,-122.356628,28839.7
10002005,205458,47.630444,-122.356613,29038.0
10002005,205459,47.631306,-122.356606,29352.0
10002005,205460,47.631496,-122.356606,29421.9
10002005,205461,47.631550,-122.356606,29441.9
10002005,205462,47.631832,-122.356606,29543.4
10002005,205463,47.631969,-122.356606,29597.2
10002005,205464,47.632034,-122.356606,29620.0
10002005,205465,47.632084,-122.356613,29637.8
10002005,205466,47.632122,-122.356628,29651.1
10002005,205467,47.632153,-122.356644,29664.3
10002005,205468,47.632191,-122.356674,29678.9
10002005,205469,47.632225,-122.356697,29692.5
10002005,205470,47.632252,-122.356743,29707.0
10002005,205471,47.632317,-122.356865,29744.7
10002005,205472,47.632320,-122.357079,29798.2
10002005,205473,47.632320,-122.357666,29946.0
10002005,205474,47.632317,-122.357887,29998.8
10002005,205475,47.632320,-122.358337,30110.8
10002005,205476,47.632320,-122.358627,30180.8
10002005,205477,47.632320,-122.359009,30274.4
10002005,205478,47.632320,-122.359200,30320.6
10002005,205479,47.632328,-122.359688,30441.4
10002005,205480,47.632328,-122.360344,30605.4
10002005,205481,47.632328,-122.360512,30643.6
10002005,205482,47.632328,-122.361031,30772.1
10002005,205483,47.632328,-122.361290,30836.1
10002005,205484,47.632328,-122.361702,30936.8
10002005,205485,47.632328,-122.361794,30961.6
10002005,205486,47.632328,-122.362366,31102.9
10002005,205487,47.632328,-122.363037,31267.3
10002005,205488,47.632328,-122.363121,31287.2
10002005,205489,47.632328,-122.363708,31433.9
10002005,205490,47.632328,-122.364037,31513.9
10002005,205491,47.632328,-122.364403,31604.1
10002005,205492,47.632332,-122.365059,31764.5
10002005,205493,47.633530,-122.365028,32201.7
10002005,205494,47.633709,-122.365028,32266.7
10002005,205495,47.634743,-122.365021,32644.5
10002005,205496,47.635941,-122.365005,33081.3
10002005,205497,47.636162,-122.365005,33161.3
10002005,205498,47.637752,-122.364975,33745.1
10002005,205499,47.637970,-122.364975,33823.1
10002005,205500,47.638065,-122.364975,33856.3
10002005,205501,47.638294,-122.364960,33941.6
10002005,205502,47.639591,-122.364952,34411.4
10002005,205503,47.639847,-122.364952,34505.1
10002005,205504,47.640057,-122.364952,34583.1
10002005,205505,47.640755,-122.364937,34838.0
10002005,205506,47.641419,-122.364922,35079.5
10002005,205507,47.641632,-122.364922,35157.5
10002005,205508,47.642044,-122.364922,35307.7
10002005,205509,47.642143,-122.364922,35343.9
10002005,205510,47.642227,-122.364922,35374.7
10002005,205511,47.642460,-122.364906,35458.7
10002005,205512,47.642716,-122.364906,35552.4
10002005,205513,47.643009,-122.364906,35659.2
10002005,205514,47.643116,-122.364906,35699.5
10002005,205515,47.643120,-122.365303,35800.3
10002005,205516,47.643120,-122.366234,36028.9
10002005,205517,47.642735,-122.366249,36171.1
10002005,205518,47.642654,-122.366249,36200.0
10002006,204972,47.612137,-122.281769,0.0
10002006,204973,47.612144,-122.281784,5.8
10002006,204974,47.612148,-122.281830,13.5
10002006,204975,47.612141,-122.281853,22.0
10002006,204976,47.612102,-122.281921,45.0
10002006,204977,47.612129,-122.281990,64.2
10002006,204978,47.612160,-122.282021,75.4
10002006,204979,47.612202,-122.282043,92.2
10002006,204980,47.613022,-122.282387,403.6
10002006,204981,47.613228,-122.282471,482.0
10002006,204982,47.613270,-122.282494,498.6
10002006,204983,47.613304,-122.282509,513.1
10002006,204984,47.613346,-122.282539,528.8
10002006,204985,47.613384,-122.282547,544.5
10002006,204986,47.613422,-122.282578,560.2
10002006,204987,47.613541,-122.282661,607.1
10002006,204988,47.613621,-122.282715,636.8
10002006,204989,47.613766,-122.282837,698.4
10002006,204990,47.614182,-122.283134,866.1
10002006,204991,47.614368,-122.283287,945.8
10002006,204992,47.614658,-122.283493,1063.2
10002006,204993,47.614983,-122.283737,1195.8
10002006,204994,47.615185,-122.283890,1276.3
10002006,204995,47.615246,-122.283943,1303.0
10002006,204996,47.615490,-122.284119,1403.2
10002006,204997,47.615673,-122.284256,1478.0
10002006,204998,47.615952,-122.284462,1589.7
10002006,204999,47.615994,-122.284492,1608.9
10002006,205000,47.616058,-122.284546,1634.2
10002006,205001,47.616089,-122.284561,1645.9
10002006,205002,47.616116,-122.284569,1656.0
10002006,205003,47.616150,-122.284584,1668.1
10002006,205004,47.616173,-122.284584,1678.6
10002006,205005,47.616200,-122.284584,1688.2
10002006,205006,47.616230,-122.284584,1699.0
10002006,205007,47.616467,-122.284584,1784.3
10002006,205008,47.616692,-122.284584,1865.9
10002006,205009,47.617069,-122.284584,2004.4
10002006,205010,47.617550,-122.284584,2179.6
10002006,205011,47.617588,-122.284584,2193.5
10002006,205012,47.617622,-122.284584,2206.1
10002006,205013,47.617672,-122.284584,2225.1
10002006,205014,47.617722,-122.284599,2242.8
10002006,205015,47.617764,-122.284615,2258.6
10002006,205016,47.617802,-122.284637,2272.7
10002006,205017,47.617844,-122.284653,2288.8
10002006,205018,47.617886,-122.284683,2307.0
10002006,205019,47.617928,-122.284706,2324.4
10002006,205020,47.617973,-122.284752,2342.1
10002006,205021,47.618012,-122.284790,2358.3
10002006,205022,47.618046,-122.284821,2374.4
10002006,205023,47.618088,-122.284874,2394.7
10002006,205024,47.618122,-122.284927,2411.2
10002006,205025,47.618156,-122.284981,2430.6
10002006,205026,47.618191,-122.285034,2450.2
10002006,205027,47.618221,-122.285103,2468.1
10002006,205028,47.618244,-122.285156,2486.5
10002006,205029,47.618275,-122.285240,2507.9
10002006,205030,47.618286,-122.285294,2521.5
10002006,205031,47.618301,-122.285324,2530.5
10002006,205032,47.618313,-122.285408,2551.8
10002006,205033,47.618339,-122.285568,2591.2
10002006,205034,47.618359,-122.285706,2628.1
10002006,205035,47.618359,-122.286469,2815.5
10002006,205036,47.618359,-122.287575,3087.0
10002006,205037,47.618366,-122.288055,3207.4
10002006,205038,47.618366,-122.288177,3237.8
10002006,205039,47.618355,-122.288277,3259.5
10002006,205040,47.618347,-122.288345,3275.8
10002006,205041,47.618339,-122.288414,3294.0
10002006,205042,47.618328,-122.288475,3311.6
10002006,205043,47.618309,-122.288544,3329.9
10002006,205044,47.618294,-122.288589,3343.0
10002006,205045,47.618282,-122.288612,3349.2
10002006,205046,47.618267,-122.288673,3364.3
10002006,205047,47.618244,-122.288727,3379.9
10002006,205048,47.618214,-122.288780,3396.2
10002006,205049,47.618183,-122.288834,3415.8
10002006,205050,47.618149,-122.288887,3434.5
10002006,205051,47.618111,-122.288940,3452.0
10002006,205052,47.618080,-122.288986,3467.1
10002006,205053,47.618042,-122.289009,3483.8
10002006,205054,47.618000,-122.289055,3500.6
10002006,205055,47.617966,-122.289078,3515.2
10002006,205056,47.617916,-122.289108,3532.7
10002006,205057,47.617878,-122.289131,3550.9
10002006,205058,47.617832,-122.289146,3567.5
10002006,205059,47.617786,-122.289162,3583.3
10002006,205060,47.617744,-122.289162,3600.2
10002006,205061,47.617691,-122.289177,3617.9
10002006,205062,47.617653,-122.289177,3632.7
10002006,205063,47.617397,-122.289177,3726.1
10002006,205064,47.616501,-122.289200,4053.0
10002006,205065,47.616306,-122.289200,4125.5
10002006,205066,47.615208,-122.289246,4523.5
10002006,205067,47.614986,-122.289246,4604.5
10002006,205068,47.614052,-122.289268,4945.4
10002006,205069,47.613720,-122.289284,5067.2
10002006,205070,47.613007,-122.289314,5326.5
10002006,205071,47.612892,-122.289314,5369.3
10002006,205072,47.612900,-122.290367,5629.0
10002006,205073,47.612904,-122.290802,5737.8
10002006,205074,47.612907,-122.291351,5872.5
10002006,205075,47.612919,-122.291412,5888.9
10002006,205076,47.612919,-122.291473,5903.5
10002006,205077,47.612930,-122.291580,5927.6
10002006,205078,47.612934,-122.292580,6176.2
10002006,205079,47.612942,-122.292915,6261.1
10002006,205080,47.612949,-122.293655,6442.8
10002006,205081,47.612949,-122.293861,6492.5
10002006,205082,47.612961,-122.294899,6749.7
10002006,205083,47.612961,-122.295174,6816.7
10002006,205084,47.612961,-122.295296,6847.1
10002006,205085,47.612965,-122.295364,6863.6
10002006,205086,47.612961,-122.295586,6915.9
10002006,205087,47.612949,-122.296196,7069.6
10002006,205088,47.612942,-122.297508,7390.7
10002006,205089,47.612942,-122.297821,7470.6
10002006,205090,47.612930,-122.298683,7682.9
10002006,205091,47.612930,-122.298805,7712.5
10002006,205092,47.612934,-122.300117,8035.6
10002006,205093,47.612942,-122.300461,8119.6
10002006,205094,47.612949,-122.301414,8356.6
10002006,205095,47.612942,-122.302711,8675.6
10002006,205096,47.612942,-122.303001,8745.8
10002006,205097,47.612930,-122.303642,8904.7
10002006,205098,47.612919,-122.304955,9228.9
10002006,205099,47.612907,-122.306168,9527.6
10002006,205100,47.612907,-122.306252,9547.6
10002006,205101,47.612900,-122.307129,9763.8
10002006,205102,47.612900,-122.307510,9859.4
10002006,205103,47.612900,-122.308174,10024.8
10002006,205104,47.612900,-122.308861,10192.6
10002006,205105,47.612904,-122.309349,10313.0
10002006,205106,47.612904,-122.309517,10355.0
10002006,205107,47.612904,-122.310173,10515.0
10002006,205108,47.612904,-122.310829,10675.5
10002006,205109,47.612907,-122.311485,10837.1
10002006,205110,47.612911,-122.312141,10999.9
10002006,205111,47.612911,-122.312782,11159.0
10002006,205112,47.612911,-122.313316,11290.6
10002006,205113,47.612911,-122.313461,11327.6
10002006,205114,47.612907,-122.314163,11498.7
10002006,205115,47.612907,-122.314423,11561.6
10002006,205116,47.612907,-122.314545,11593.0
10002006,205117,47.612907,-122.314819,11660.2
10002006,205118,47.612919,-122.315239,11765.7
10002006,205119,47.612911,-122.315414,11809.2
10002006,205120,47.612965,-122.315445,11829.1
10002006,205121,47.612995,-122.315483,11845.4
10002006,205122,47.613026,-122.315514,11856.8
10002006,205123,47.613060,-122.315514,11869.1
10002006,205124,47.613354,-122.315529,11977.2
10002006,205125,47.613064,-122.316223,12179.8
10002006,205126,47.612930,-122.316551,12276.5
10002006,205127,47.612873,-122.316780,12336.4
10002006,205128,47.612911,-122.317001,12390.0
10002006,205129,47.612930,-122.318123,12668.7
10002006,205130,47.612942,-122.319435,12992.3
10002006,205131,47.612942,-122.319855,13096.4
10002006,205132,47.612946,-122.320267,13198.3
10002006,205133,47.612949,-122.320389,13226.0
10002006,205134,47.612961,-122.320580,13274.4
10002006,205135,47.612961,-122.320610,13280.0
10002006,205136,47.612972,-122.320786,13324.8
10002006,205137,47.612988,-122.320938,13361.7
10002006,205138,47.612988,-122.321533,13512.5
10002006,205139,47.612980,-122.321663,13542.6
10002006,205140,47.612972,-122.321732,13559.0
10002006,205141,47.612961,-122.321785,13572.1
10002006,205142,47.612946,-122.321823,13583.9
10002006,205143,47.612923,-122.321877,13599.5
10002006,205144,47.612900,-122.321922,13611.8
10002006,205145,47.612881,-122.321960,13625.6
10002006,205146,47.612850,-122.321999,13639.4
10002006,205147,47.612804,-122.322044,13658.2
10002006,205148,47.612732,-122.322098,13688.9
10002006,205149,47.612621,-122.322189,13736.7
10002006,205150,47.612572,-122.322235,13757.3
10002006,205151,47.612549,-122.322250,13765.0
10002006,205152,47.612518,-122.322289,13780.9
10002006,205153,47.612488,-122.322342,13797.0
10002006,205154,47.612389,-122.322563,13861.6
10002006,205155,47.612160,-122.323120,14023.2
10002006,205156,47.611927,-122.323669,14183.3
10002006,205157,47.611694,-122.324226,14345.2
10002006,205158,47.611572,-122.324532,14431.2
10002006,205159,47.611462,-122.324791,14508.2
10002006,205160,47.611229,-122.325333,14667.5
10002006,205161,47.611015,-122.325851,14817.7
10002006,205162,47.610939,-122.326019,14866.7
10002006,205163,47.610878,-122.326141,14902.1
10002006,205164,47.610867,-122.326180,14914.4
10002006,205165,47.610756,-122.326439,14989.2
10002006,205166,47.610298,-122.327545,15309.8
10002006,205167,47.610165,-122.327850,15397.6
10002006,205168,47.609829,-122.328651,15633.2
10002006,205169,47.609592,-122.329231,15796.8
10002006,205170,47.609356,-122.329788,15959.7
10002006,205171,47.609219,-122.330116,16056.0
10002017,197562,47.599201,-122.328384,0.0
10002017,197563,47.599201,-122.328995,149.9
10002017,197564,47.600037,-122.328979,455.9
10002017,197565,47.600868,-122.328995,760.4
10002017,197566,47.601295,-122.329422,947.2
10002017,197567,47.601349,-122.329491,971.1
10002017,197568,47.601402,-122.329559,998.8
10002017,197569,47.601437,-122.329613,1017.2
10002017,197570,47.601471,-122.329689,1041.9
10002017,197571,47.601601,-122.329994,1128.2
10002017,197572,47.601719,-122.330269,1208.2
10002017,197573,47.601788,-122.330429,1256.8
10002017,197574,47.601826,-122.330513,1278.6
10002017,197575,47.601872,-122.330566,1301.2
10002017,197576,47.601910,-122.330635,1323.4
10002017,197577,47.602085,-122.330788,1396.7
10002017,197578,47.602764,-122.331413,1690.8
10002017,197579,47.603485,-122.332069,1999.8
10002017,197580,47.603638,-122.332207,2061.7
10002017,197581,47.604061,-122.332588,2243.2
10002017,197582,47.604195,-122.332710,2303.1
10002017,197583,47.604912,-122.333366,2609.0
10002017,197584,47.605625,-122.334023,2914.9
10002017,197585,47.606338,-122.334679,3221.0
10002017,197586,47.607014,-122.335297,3510.9
10002017,197587,47.607052,-122.335320,3526.7
10002017,197588,47.607761,-122.335976,3832.5
10002017,197589,47.608753,-122.336891,4258.5
10002017,197590,47.609608,-122.337669,4624.9
10002017,197591,47.609753,-122.337791,4684.6
10002017,197592,47.610516,-122.338486,5010.3
10002017,197593,47.610745,-122.338707,5110.6
10002017,197594,47.611443,-122.339363,5412.4
10002017,197595,47.611492,-122.339401,5433.4
10002017,197596,47.611534,-122.339447,5451.9
10002017,197597,47.611572,-122.339500,5472.8
10002017,197598,47.611629,-122.339584,5501.8
10002017,197599,47.611694,-122.339691,5536.9
10002017,197600,47.611771,-122.339813,5577.3
10002017,197601,47.611832,-122.339920,5612.5
10002017,197602,47.611919,-122.340088,5664.5
10002017,197603,47.612400,-122.340897,5928.8
10002017,197604,47.612942,-122.341812,6228.8
10002017,197605,47.613167,-122.342194,6354.7
10002017,197606,47.613937,-122.343506,6781.1
10002017,197607,47.614700,-122.344803,7206.9
10002017,197608,47.615070,-122.345398,7406.9
10002017,197609,47.615479,-122.346100,7632.9
10002017,197610,47.616028,-122.347031,7939.1
10002017,197611,47.616581,-122.347969,8245.5
10002017,197612,47.616901,-122.348518,8425.5
10002017,197613,47.617134,-122.348900,8551.6
10002017,197614,47.617687,-122.349838,8857.5
10002017,197615,47.618237,-122.350769,9163.3
10002017,197616,47.618309,-122.350945,9216.1
10002017,197617,47.618527,-122.351318,9335.2
10002017,197618,47.618572,-122.351410,9364.8
10002017,197619,47.618587,-122.351440,9373.7
10002017,197620,47.618587,-122.352585,9656.0
10002017,197621,47.618587,-122.352600,9660.6
10002017,197622,47.618584,-122.352844,9720.6
10002017,197623,47.618572,-122.353294,9831.6
10002017,197624,47.618572,-122.353485,9878.7
10002017,197625,47.618568,-122.354141,10042.0
10002017,197626,47.618572,-122.354813,10203.8
10002017,197627,47.618572,-122.355385,10348.4
10002017,197628,47.618595,-122.355415,10356.5
10002017,197629,47.618633,-122.355438,10373.3
10002017,197630,47.618687,-122.355469,10393.2
10002017,197631,47.618767,-122.355469,10420.6
10002017,197632,47.619099,-122.355453,10544.2
10002017,197633,47.619122,-122.355453,10551.3
10002017,197634,47.619156,-122.355453,10564.0
10002017,197635,47.619228,-122.355438,10590.6
10002017,197636,47.619267,-122.355438,10605.8
10002017,197637,47.619766,-122.355431,10787.8
10002017,197638,47.620937,-122.355431,11213.5
10002017,197639,47.622101,-122.355415,11639.6
10002017,197640,47.623119,-122.355415,12010.5
10002017,197641,47.623272,-122.355415,12065.5
10002017,197642,47.624573,-122.355400,12540.6
10002017,197643,47.624737,-122.355400,12600.1
10002017,197644,47.625446,-122.355400,12861.0
10002017,197645,47.625462,-122.356697,13180.6
10002017,197646,47.625717,-122.356697,13274.8
10002017,197647,47.626324,-122.356697,13494.3
10002017,197648,47.627110,-122.356697,13783.3
10002017,197649,47.627193,-122.356697,13813.8
10002017,197650,47.628067,-122.356682,14133.6
10002017,197651,47.628319,-122.356682,14223.6
10002017,197652,47.628479,-122.356682,14284.6
10002017,197653,47.628563,-122.356682,14313.2
10002017,197654,47.628647,-122.356674,14344.2
10002017,197655,47.628719,-122.356659,14369.4
10002017,197656,47.628799,-122.356644,14398.8
10002017,197657,47.628895,-122.356644,14433.6
10002017,197658,47.629036,-122.356644,14486.7
10002017,197659,47.629570,-122.356628,14682.5
10002017,197660,47.629791,-122.356628,14762.5
10002017,197661,47.629902,-122.356628,14801.2
10002017,197662,47.630444,-122.356613,14999.5
10002017,197663,47.631306,-122.356606,15313.5
10002017,197664,47.631496,-122.356606,15383.4
10002017,197665,47.631550,-122.356606,15403.4
10002017,197666,47.631832,-122.356606,15504.9
10002017,197667,47.631969,-122.356606,15558.7
10002017,197668,47.632034,-122.356606,15581.5
10002017,197669,47.632084,-122.356613,15599.3
10002017,197670,47.632122,-122.356628,15612.6
10002017,197671,47.632153,-122.356644,15625.8
10002017,197672,47.632191,-122.356674,15640.4
10002017,197673,47.632225,-122.356697,15654.0
10002017,197674,47.632252,-122.356743,15668.5
10002017,197675,47.632317,-122.356865,15706.2
10002017,197676,47.632320,-122.357079,15759.7
10002017,197677,47.632320,-122.357666,15907.5
10002017,197678,47.632317,-122.357887,15960.3
10002017,197679,47.632320,-122.358337,16072.3
10002017,197680,47.632320,-122.358627,16142.3
10002017,197681,47.632320,-122.359009,16235.9
10002017,197682,47.632320,-122.359200,16282.1
10002017,197683,47.632328,-122.359688,16402.9
10002017,197684,47.632328,-122.360344,16566.9
10002017,197685,47.632328,-122.360512,16605.1
10002017,197686,47.632328,-122.361031,16733.6
10002017,197687,47.632328,-122.361290,16797.6
10002017,197688,47.632328,-122.361702,16898.3
10002017,197689,47.632328,-122.361794,16923.1
10002017,197690,47.632328,-122.362366,17064.4
10002017,197691,47.632328,-122.363037,17228.8
10002017,197692,47.632328,-122.363121,17248.7
10002017,197693,47.632328,-122.363708,17395.4
10002017,197694,47.632328,-122.364037,17475.4
10002017,197695,47.632328,-122.364403,17565.6
10002017,197696,47.632332,-122.365059,17726.0
10002017,197697,47.633530,-122.365028,18163.2
10002017,197698,47.633709,-122.365028,18228.2
10002017,197699,47.634743,-122.365021,18606.0
10002017,197700,47.635941,-122.365005,19042.8
10002017,197701,47.636162,-122.365005,19122.8
10002017,197702,47.637752,-122.364975,19706.6
10002017,197703,47.637970,-122.364975,19784.6
10002017,197704,47.638065,-122.364975,19817.8
10002017,197705,47.638294,-122.364960,19903.1
10002017,197706,47.639591,-122.364952,20372.9
10002017,197707,47.639847,-122.364952,20466.6
10002017,197708,47.640057,-122.364952,20544.6
10002017,197709,47.640755,-122.364937,20799.5
10002017,197710,47.641419,-122.364922,21041.0
10002017,197711,47.641632,-122.364922,21119.0
10002017,197712,47.642044,-122.364922,21269.2
10002017,197713,47.642143,-122.364922,21305.4
10002017,197714,47.642227,-122.364922,21336.2
10002017,197715,47.642460,-122.364906,21420.2
10002017,197716,47.642716,-122.364906,21513.9
10002017,197717,47.643009,-122.364906,21620.7
10002017,197718,47.643116,-122.364906,21661.0
10002017,197719,47.643120,-122.365303,21761.8
10002017,197720,47.643120,-122.366234,21990.4
10002017,197721,47.642735,-122.366249,22132.6
10002017,197722,47.642654,-122.366249,22162.0
10002019,198012,47.612137,-122.281769,0.0
10002019,198013,47.612144,-122.281784,5.8
10002019,198014,47.612148,-122.281830,13.5
10002019,198015,47.612141,-122.281853,22.0
10002019,198016,47.612102,-122.281921,45.0
10002019,198017,47.612129,-122.281990,64.2
10002019,198018,47.612160,-122.282021,75.4
10002019,198019,47.612202,-122.282043,92.2
10002019,198020,47.613022,-122.282387,403.6
10002019,198021,47.613228,-122.282471,482.0
10002019,198022,47.613270,-122.282494,498.6
10002019,198023,47.613304,-122.282509,513.1
10002019,198024,47.613346,-122.282539,528.8
10002019,198025,47.613384,-122.282547,544.5
10002019,198026,47.613422,-122.282578,560.2
10002019,198027,47.613541,-122.282661,607.1
10002019,198028,47.613621,-122.282715,636.8
10002019,198029,47.613766,-122.282837,698.4
10002019,198030,47.614182,-122.283134,866.1
10002019,198031,47.614368,-122.283287,945.8
10002019,198032,47.614658,-122.283493,1063.2
10002019,198033,47.614983,-122.283737,1195.8
10002019,198034,47.615185,-122.283890,1276.3
10002019,198035,47.615246,-122.283943,1303.0
10002019,198036,47.615490,-122.284119,1403.2
10002019,198037,47.615673,-122.284256,1478.0
10002019,198038,47.615952,-122.284462,1589.7
10002019,198039,47.615994,-122.284492,1608.9
10002019,198040,47.616058,-122.284546,1634.2
10002019,198041,47.616089,-122.284561,1645.9
10002019,198042,47.616116,-122.284569,1656.0
10002019,198043,47.616150,-122.284584,1668.1
10002019,198044,47.616173,-122.284584,1678.6
10002019,198045,47.616200,-122.284584,1688.2
10002019,198046,47.616230,-122.284584,1699.0
10002019,198047,47.616467,-122.284584,1784.3
10002019,198048,47.616692,-122.284584,1865.9
10002019,198049,47.617069,-122.284584,2004.4
10002019,198050,47.617550,-122.284584,2179.6
10002019,198051,47.617588,-122.284584,2193.5
10002019,198052,47.617622,-122.284584,2206.1
10002019,198053,47.617672,-122.284584,2225.1
10002019,198054,47.617722,-122.284599,2242.8
10002019,198055,47.617764,-122.284615,2258.6
10002019,198056,47.617802,-122.284637,2272.7
10002019,198057,47.617844,-122.284653,2288.8
10002019,198058,47.617886,-122.284683,2307.0
10002019,198059,47.617928,-122.284706,2324.4
10002019,198060,47.617973,-122.284752,2342.1
10002019,198061,47.618012,-122.284790,2358.3
10002019,198062,47.618046,-122.284821,2374.4
10002019,198063,47.618088,-122.284874,2394.7
10002019,198064,47.618122,-122.284927,2411.2
10002019,198065,47.618156,-122.284981,2430.6
10002019,198066,47.618191,-122.285034,2450.2
10002019,198067,47.618221,-122.285103,2468.1
10002019,198068,47.618244,-122.285156,2486.5
10002019,198069,47.618275,-122.285240,2507.9
10002019,198070,47.618286,-122.285294,2521.5
10002019,198071,47.618301,-122.285324,2530.5
10002019,198072,47.618313,-122.285408,2551.8
10002019,198073,47.618339,-122.285568,2591.2
10002019,198074,47.618359,-122.285706,2628.1
10002019,198075,47.618359,-122.286469,2815.5
10002019,198076,47.618359,-122.287575,3087.0
10002019,198077,47.618366,-122.288055,3207.4
10002019,198078,47.618366,-122.288177,3237.8
10002019,198079,47.618355,-122.288277,3259.5
10002019,198080,47.618347,-122.288345,3275.8
10002019,198081,47.618339,-122.288414,3294.0
10002019,198082,47.618328,-122.288475,3311.6
10002019,198083,47.618309,-122.288544,3329.9
10002019,198084,47.618294,-122.288589,3343.0
10002019,198085,47.618282,-122.288612,3349.2
10002019,198086,47.618267,-122.288673,3364.3
10002019,198087,47.618244,-122.288727,3379.9
10002019,198088,47.618214,-122.288780,3396.2
10002019,198089,47.618183,-122.288834,3415.8
10002019,198090,47.618149,-122.288887,3434.5
10002019,198091,47.618111,-122.288940,3452.0
10002019,198092,47.618080,-122.288986,3467.1
10002019,198093,47.618042,-122.289009,3483.8
10002019,198094,47.618000,-122.289055,3500.6
10002019,198095,47.617966,-122.289078,3515.2
10002019,198096,47.617916,-122.289108,3532.7
10002019,198097,47.617878,-122.289131,3550.9
10002019,198098,47.617832,-122.289146,3567.5
10002019,198099,47.617786,-122.289162,3583.3
10002019,198100,47.617744,-122.289162,3600.2
10002019,198101,47.617691,-122.289177,3617.9
10002019,198102,47.617653,-122.289177,3632.7
10002019,198103,47.617397,-122.289177,3726.1
10002019,198104,47.616501,-122.289200,4053.0
10002019,198105,47.616306,-122.289200,4125.5
10002019,198106,47.615208,-122.289246,4523.5
10002019,198107,47.614986,-122.289246,4604.5
10002019,198108,47.614052,-122.289268,4945.4
10002019,198109,47.613720,-122.289284,5067.2
10002019,198110,47.613007,-122.289314,5326.5
10002019,198111,47.612892,-122.289314,5369.3
10002019,198112,47.612900,-122.290367,5629.0
10002019,198113,47.612904,-122.290802,5737.8
10002019,198114,47.612907,-122.291351,5872.5
10002019,198115,47.612919,-122.291412,5888.9
10002019,198116,47.612919,-122.291473,5903.5
10002019,198117,47.612930,-122.291580,5927.6
10002019,198118,47.612934,-122.292580,6176.2
10002019,198119,47.612942,-122.292915,6261.1
10002019,198120,47.612949,-122.293655,6442.8
10002019,198121,47.612949,-122.293861,6492.5
10002019,198122,47.612961,-122.294899,6749.7
10002019,198123,47.612961,-122.295174,6816.7
10002019,198124,47.612961,-122.295296,6847.1
10002019,198125,47.612965,-122.295364,6863.6
10002019,198126,47.612961,-122.295586,6915.9
10002019,198127,47.612949,-122.296196,7069.6
10002019,198128,47.612942,-122.297508,7390.7
10002019,198129,47.612942,-122.297821,7470.6
10002019,198130,47.612930,-122.298683,7682.9
10002019,198131,47.612930,-122.298805,7712.5
10002019,198132,47.612934,-122.300117,8035.6
10002019,198133,47.612942,-122.300461,8119.6
10002019,198134,47.612949,-122.301414,8356.6
10002019,198135,47.612942,-122.302711,8675.6
10002019,198136,47.612942,-122.303001,8745.8
10002019,198137,47.612930,-122.303642,8904.7
10002019,198138,47.612919,-122.304955,9228.9
10002019,198139,47.612907,-122.306168,9527.6
10002019,198140,47.612907,-122.306252,9547.6
10002019,198141,47.612900,-122.307129,9763.8
10002019,198142,47.612900,-122.307510,9859.4
10002019,198143,47.612900,-122.308174,10024.8
10002019,198144,47.612900,-122.308861,10192.6
10002019,198145,47.612904,-122.309349,10313.0
10002019,198146,47.612904,-122.309517,10355.0
10002019,198147,47.612904,-122.310173,10515.0
10002019,198148,47.612904,-122.310829,10675.5
10002019,198149,47.612907,-122.311485,10837.1
10002019,198150,47.612911,-122.312141,10999.9
10002019,198151,47.612911,-122.312782,11159.0
10002019,198152,47.612911,-122.313316,11290.6
10002019,198153,47.612911,-122.313461,11327.6
10002019,198154,47.612907,-122.314163,11498.7
10002019,198155,47.612907,-122.314423,11561.6
10002019,198156,47.612907,-122.314545,11593.0
10002019,198157,47.612907,-122.314819,11660.2
10002019,198158,47.612919,-122.315239,11765.7
10002019,198159,47.612911,-122.315414,11809.2
10002019,198160,47.612965,-122.315445,11829.1
10002019,198161,47.612995,-122.315483,11845.4
10002019,198162,47.613026,-122.315514,11856.8
10002019,198163,47.613060,-122.315514,11869.1
10002019,198164,47.613354,-122.315529,11977.2
10002019,198165,47.613064,-122.316223,12179.8
10002019,198166,47.612930,-122.316551,12276.5
10002019,198167,47.612873,-122.316780,12336.4
10002019,198168,47.612911,-122.317001,12390.0
10002019,198169,47.612930,-122.318123,12668.7
10002019,198170,47.612942,-122.319435,12992.3
10002019,198171,47.612942,-122.319855,13096.4
10002019,198172,47.612946,-122.320267,13198.3
10002019,198173,47.612949,-122.320389,13226.0
10002019,198174,47.612961,-122.320580,13274.4
10002019,198175,47.612961,-122.320610,13280.0
10002019,198176,47.612972,-122.320786,13324.8
10002019,198177,47.612988,-122.320938,13361.7
10002019,198178,47.612988,-122.321533,13512.5
10002019,198179,47.612980,-122.321663,13542.6
10002019,198180,47.612972,-122.321732,13559.0
10002019,198181,47.612961,-122.321785,13572.1
10002019,198182,47.612946,-122.321823,13583.9
10002019,198183,47.612923,-122.321877,13599.5
10002019,198184,47.612900,-122.321922,13611.8
10002019,198185,47.612881,-122.321960,13625.6
10002019,198186,47.612850,-122.321999,13639.4
10002019,198187,47.612804,-122.322044,13658.2
10002019,198188,47.612732,-122.322098,13688.9
10002019,198189,47.612621,-122.322189,13736.7
10002019,198190,47.612572,-122.322235,13757.3
10002019,198191,47.612549,-122.322250,13765.0
10002019,198192,47.612518,-122.322289,13780.9
10002019,198193,47.612488,-122.322342,13797.0
10002019,198194,47.612389,-122.322563,13861.6
10002019,198195,47.612160,-122.323120,14023.2
10002019,198196,47.611927,-122.323669,14183.3
10002019,198197,47.611694,-122.324226,14345.2
10002019,198198,47.611572,-122.324532,14431.2
10002019,198199,47.611462,-122.324791,14508.2
10002019,198200,47.611229,-122.325333,14667.5
10002019,198201,47.611015,-122.325851,14817.7
10002019,198202,47.610939,-122.326019,14866.7
10002019,198203,47.610878,-122.326141,14902.1
10002019,198204,47.610867,-122.326180,14914.4
10002019,198205,47.610756,-122.326439,14989.2
10002019,198206,47.610298,-122.327545,15309.8
10002019,198207,47.610165,-122.327850,15397.6
10002019,198208,47.609829,-122.328651,15633.2
10002019,198209,47.609592,-122.329231,15796.8
10002019,198210,47.609356,-122.329788,15959.7
10002019,198211,47.609219,-122.330116,16056.1
10002019,198212,47.609139,-122.330338,16117.5
10002019,198213,47.609016,-122.330635,16203.3
10002019,198214,47.608677,-122.331429,16434.6
10002019,198215,47.608444,-122.332001,16599.6
10002019,198216,47.608215,-122.332550,16757.6
10002019,198217,47.607975,-122.333107,16921.2
10002019,198218,47.607742,-122.333679,17086.5
10002019,198219,47.607513,-122.334213,17243.2
10002019,198220,47.607368,-122.334557,17343.3
10002019,198221,47.607288,-122.334763,17402.3
10002019,198222,47.607094,-122.335228,17537.4
10002019,198223,47.607052,-122.335320,17565.2
10002019,198224,47.607761,-122.335976,17871.0
10002019,198225,47.608753,-122.336891,18297.0
10002019,198226,47.609608,-122.337669,18663.0
10003010,162172,47.599201,-122.328384,0.0
10003010,162173,47.599201,-122.328995,149.9
10003010,162174,47.600037,-122.328979,455.9
10003010,162175,47.600868,-122.328995,760.4
10003010,162176,47.601295,-122.329422,947.2
10003010,162177,47.601349,-122.329491,971.1
10003010,162178,47.601402,-122.329559,998.8
10003010,162179,47.601437,-122.329613,1017.2
10003010,162180,47.601471,-122.329689,1041.9
10003010,162181,47.601601,-122.329994,1128.2
10003010,162182,47.601719,-122.330269,1208.2
10003010,162183,47.601788,-122.330429,1256.8
10003010,162184,47.601826,-122.330513,1278.6
10003010,162185,47.601872,-122.330566,1301.2
10003010,162186,47.601910,-122.330635,1323.4
10003010,162187,47.602085,-122.330788,1396.7
10003010,162188,47.602764,-122.331413,1690.8
10003010,162189,47.603485,-122.332069,1999.8
10003010,162190,47.603638,-122.332207,2061.7
10003010,162191,47.604061,-122.332588,2243.2
10003010,162192,47.604195,-122.332710,2303.1
10003010,162193,47.604912,-122.333366,2609.0
10003010,162194,47.605625,-122.334023,2914.9
10003010,162195,47.606338,-122.334679,3221.0
10003010,162196,47.607014,-122.335297,3510.9
10003010,162197,47.607052,-122.335320,3526.7
10003010,162198,47.607761,-122.335976,3832.5
10003010,162199,47.608753,-122.336891,4258.5
10003010,162200,47.609608,-122.337669,4624.9
10003010,162201,47.609753,-122.337791,4684.6
10003010,162202,47.610516,-122.338486,5010.3
10003010,162203,47.610745,-122.338707,5110.6
10003010,162204,47.611443,-122.339363,5412.4
10003010,162205,47.611492,-122.339401,5433.4
10003010,162206,47.611534,-122.339447,5451.9
10003010,162207,47.611572,-122.339500,5472.8
10003010,162208,47.611629,-122.339584,5501.8
10003010,162209,47.611694,-122.339691,5536.9
10003010,162210,47.611771,-122.339813,5577.3
10003010,162211,47.611832,-122.339920,5612.5
10003010,162212,47.611919,-122.340088,5664.5
10003010,162213,47.612400,-122.340897,5928.8
10003010,162214,47.612942,-122.341812,6228.8
10003010,162215,47.613167,-122.342194,6354.7
10003010,162216,47.613937,-122.343506,6781.1
10003010,162217,47.614700,-122.344803,7206.9
10003010,162218,47.615070,-122.345398,7406.9
10003010,162219,47.615479,-122.346100,7632.9
10003010,162220,47.616028,-122.347031,7939.1
10003010,162221,47.616581,-122.347969,8245.5
10003010,162222,47.616901,-122.348518,8425.5
10003010,162223,47.617134,-122.348900,8551.6
10003010,162224,47.617455,-122.348488,8708.4
10003010,162225,47.617794,-122.348038,8873.4
10003010,162226,47.618019,-122.347748,8982.5
10003010,162227,47.618046,-122.347725,8994.9
10003010,162228,47.618080,-122.347679,9010.9
10003010,162229,47.618099,-122.347672,9018.2
10003010,162230,47.618122,-122.347656,9026.9
10003010,162231,47.618153,-122.347656,9037.3
10003010,162232,47.618534,-122.347626,9178.1
10003010,162233,47.618572,-122.347618,9191.5
10003010,162234,47.618683,-122.347618,9230.9
10003010,162235,47.618752,-122.347618,9256.3
10003010,162236,47.618862,-122.347626,9297.9
10003010,162237,47.619068,-122.347618,9372.1
10003010,162238,47.619469,-122.347618,9516.8
10003010,162239,47.619743,-122.347618,9619.6
10003010,162240,47.620716,-122.347603,9972.6
10003010,162241,47.620899,-122.347603,10040.1
10003010,162242,47.621124,-122.347603,10123.0
10003010,162243,47.621288,-122.347603,10183.4
10003010,162244,47.621300,-122.347603,10184.5
10003010,162245,47.621376,-122.347603,10214.6
10003010,162246,47.621483,-122.347603,10253.0
10003010,162247,47.622074,-122.347603,10468.0
